F 1823.687876 1856.072405 3.728359
E -0.611746 79.780315 63.768230 0.099995
W C 1291.0 1881.0 383.0 1458.0 482.0 682.0 1191.0 747.0 1693.0 1043.0 1805.0 190.0 
F 1816.267048 1847.139644 3.728347
E -0.627694 69.883072 50.299686 0.081373
W C 1291.0 1881.0 383.0 1458.0 482.0 682.0 1191.0 747.0 1693.0 1043.0 1805.0 190.0 
F 1812.861270 1843.630383 3.728379
E -0.634318 63.027089 42.809315 0.071049
W C 1291.0 1881.0 383.0 1458.0 482.0 682.0 1191.0 747.0 1693.0 1043.0 1805.0 190.0 
F 1810.765677 1841.208637 3.728192
E -0.637925 57.872216 37.888892 0.064065
W C 1291.0 1881.0 383.0 1458.0 482.0 682.0 1191.0 747.0 1693.0 1043.0 1805.0 190.0 
F 1809.525613 1839.569758 3.727954
E -0.640279 53.805986 34.343171 0.058879
W C 1291.0 1881.0 383.0 1458.0 482.0 682.0 1191.0 747.0 1693.0 1043.0 1805.0 190.0 
F 1808.449066 1838.478467 3.727898
E -0.641950 50.489946 31.633583 0.054812
W C 1291.0 1881.0 383.0 1458.0 482.0 682.0 1191.0 747.0 1693.0 1043.0 1805.0 190.0 
F 1807.692754 1837.777518 3.727892
E -0.643195 47.718434 29.476131 0.051503
W C 1291.0 1881.0 383.0 1458.0 482.0 682.0 1191.0 747.0 1693.0 1043.0 1805.0 190.0 
F 1807.119879 1837.312342 3.727922
E -0.644149 45.357325 27.706066 0.048738
W C 1291.0 1881.0 383.0 1458.0 482.0 682.0 1191.0 747.0 1693.0 1043.0 1805.0 190.0 
F 1806.684265 1836.964366 3.727947
E -0.644899 43.314569 26.220014 0.046382
W C 1291.0 1881.0 383.0 1458.0 482.0 682.0 1191.0 747.0 1693.0 1043.0 1805.0 190.0 
F 1806.364637 1836.583049 3.727846
E -0.645506 41.524530 24.949458 0.044341
W C 1291.0 1881.0 383.0 1458.0 482.0 682.0 1191.0 747.0 1693.0 1043.0 1805.0 190.0 
F 1806.061654 1836.399496 3.727899
E -0.646015 39.939049 23.846976 0.042549
W C 1291.0 1881.0 383.0 1458.0 482.0 682.0 1191.0 747.0 1693.0 1043.0 1805.0 190.0 
F 1805.868929 1836.183452 3.727879
E -0.646437 38.522056 22.878536 0.040961
W C 1291.0 1881.0 383.0 1458.0 482.0 682.0 1191.0 747.0 1693.0 1043.0 1805.0 190.0 
F 1805.799946 1836.004654 3.727820
E -0.646808 37.245744 22.019070 0.039539
W C 1291.0 1881.0 383.0 1458.0 482.0 682.0 1191.0 747.0 1693.0 1043.0 1805.0 190.0 
F 1786.476350 1823.148138 3.728335
E -0.622657 35.546518 21.862899 0.070508
W C 1291.0 1881.0 383.0 1458.0 482.0 682.0 1191.0 747.0 1693.0 1043.0 1805.0 190.0 
F 1752.666023 1800.491390 3.726743
E -0.547434 33.820084 22.961184 0.089265
W C 1291.0 1881.0 383.0 1458.0 482.0 682.0 1191.0 747.0 1693.0 1043.0 1805.0 190.0 
F 1719.514392 1778.136606 -2.553995
E -0.452810 32.460554 23.656889 0.090173
W C 1291.0 1881.0 383.0 1458.0 482.0 682.0 1191.0 747.0 1693.0 1043.0 1805.0 190.0 
F 1686.475386 1756.531295 -2.561007
E -0.354048 31.449384 24.117637 0.095515
W C 1291.0 1881.0 383.0 1458.0 482.0 682.0 1191.0 747.0 1693.0 1043.0 
F 1688.107701 1758.178908 -2.559875
E -0.405010 30.504916 23.128976 0.074901
W C 1291.0 1881.0 383.0 1458.0 482.0 682.0 1191.0 747.0 1693.0 1043.0 
F 1651.990896 1735.198353 -2.561792
E -0.279351 29.724861 23.424744 0.093935
W C 1291.0 1881.0 383.0 1458.0 482.0 682.0 1191.0 747.0 1693.0 1043.0 
F 1617.390837 1712.917533 -2.562024
E -0.163230 29.140161 23.402015 0.095230
W C 1291.0 1881.0 383.0 1458.0 482.0 682.0 1191.0 747.0 1693.0 1043.0 
F 1584.389467 1691.534738 -2.563986
E -0.068788 28.606128 23.187428 0.095115
W C 1291.0 1881.0 383.0 1458.0 482.0 682.0 1191.0 747.0 1693.0 1043.0 
F 1552.368752 1670.671484 -2.565928
E 0.006371 28.045956 22.902527 0.095001
W C 1291.0 1881.0 383.0 1458.0 482.0 682.0 1191.0 747.0 1693.0 1043.0 
F 1554.544737 1672.373695 -2.565979
E -0.115288 26.546295 22.083320 0.073695
W C 1291.0 1881.0 383.0 1458.0 482.0 682.0 1191.0 747.0 1693.0 1043.0 
F 1518.460251 1649.186989 -2.564881
E 0.016362 26.252468 21.936553 0.093298
W C 1291.0 1881.0 383.0 1458.0 482.0 682.0 1191.0 747.0 1693.0 1043.0 
F 1482.626571 1624.670689 -2.550453
E 0.203965 27.112135 22.079695 0.102270
W C 383.0 1458.0 482.0 682.0 1191.0 747.0 1693.0 1043.0 
F 1481.547499 1624.332506 -2.555969
E 0.171869 26.369203 21.678840 0.080649
W C 383.0 1458.0 482.0 682.0 1191.0 747.0 1693.0 1043.0 
F 1443.980340 1598.775563 -2.556274
E 0.329169 27.336301 21.494315 0.094686
W C 383.0 1458.0 482.0 682.0 1191.0 747.0 1805.0 190.0 1693.0 1043.0 
F 1408.774625 1575.169066 -2.560562
E 0.418306 26.581852 21.141918 0.089459
W C 1291.0 1881.0 383.0 1458.0 482.0 682.0 1191.0 747.0 1805.0 190.0 1693.0 1043.0 
F 1374.761116 1552.147127 -2.561967
E 0.491611 26.286458 20.776136 0.089165
W C 1291.0 1881.0 383.0 1458.0 482.0 682.0 1191.0 747.0 1805.0 190.0 1693.0 1043.0 
F 1338.147504 1527.241706 -2.554793
E 0.528215 27.409438 20.545550 0.094904
W C 383.0 1458.0 482.0 682.0 1191.0 747.0 1805.0 190.0 1693.0 1043.0 
F 1303.500025 1503.517594 -2.546200
E 0.562384 28.376180 20.315062 0.095784
W C 383.0 1458.0 482.0 682.0 1191.0 747.0 1805.0 190.0 1693.0 1043.0 
F 1303.559200 1503.637175 -2.550038
E 0.541683 27.350201 19.835887 0.074470
W C 383.0 1458.0 482.0 682.0 1191.0 747.0 1805.0 190.0 1693.0 1043.0 
F 1265.722999 1478.710285 -2.558370
E 0.576584 28.335430 19.501033 0.094287
W C 383.0 1458.0 482.0 682.0 1191.0 747.0 1805.0 190.0 1693.0 1043.0 
F 1230.183284 1454.701930 -2.551288
E 0.600204 29.149561 19.296455 0.095986
W C 383.0 1458.0 482.0 682.0 1191.0 747.0 1805.0 190.0 1693.0 1043.0 
F 1194.295839 1430.799305 -2.550909
E 0.620509 29.817478 19.148380 0.096216
W C 383.0 1458.0 482.0 682.0 1191.0 747.0 1805.0 190.0 1693.0 1043.0 
F 1194.416449 1431.251933 -2.555390
E 0.605828 28.595370 18.683050 0.074715
W C 383.0 1458.0 482.0 682.0 1191.0 747.0 1805.0 190.0 1693.0 1043.0 
F 1157.628911 1407.363942 -2.565511
E 0.621608 29.552634 18.504070 0.099859
W C 383.0 1458.0 482.0 682.0 1191.0 747.0 1805.0 190.0 
F 1121.740820 1383.961304 -2.565086
E 0.628769 30.334007 18.465260 0.102514
W C 383.0 1458.0 482.0 682.0 1191.0 747.0 1805.0 190.0 
F 1086.724237 1361.271236 -2.564832
E 0.634251 30.933519 18.481013 0.102715
W C 383.0 1458.0 482.0 682.0 1191.0 747.0 1805.0 190.0 
F 1051.197405 1338.914467 -2.570984
E 0.638851 31.382079 18.513519 0.102838
W C 383.0 1458.0 482.0 682.0 1191.0 747.0 1805.0 190.0 
F 1052.327076 1339.751877 -2.572654
E 0.631104 30.061412 18.096379 0.080306
W C 383.0 1458.0 482.0 682.0 1191.0 747.0 1805.0 190.0 
F 1016.804232 1317.341542 -2.574664
E 0.633875 30.587070 17.962072 0.100463
W C 383.0 1458.0 482.0 682.0 1191.0 747.0 1805.0 190.0 
F 982.284281 1295.471241 -2.570855
E 0.636498 30.961220 17.978166 0.102686
W C 383.0 1458.0 482.0 682.0 1191.0 747.0 1805.0 190.0 
F 948.528102 1274.384387 -2.572407
E 0.639053 31.188744 18.050005 0.102888
W C 383.0 1458.0 482.0 682.0 1191.0 747.0 1805.0 190.0 
F 950.608092 1276.185503 -2.575004
E 0.631037 29.718755 17.619533 0.080314
W C 383.0 1458.0 482.0 682.0 1191.0 747.0 1805.0 190.0 
F 914.583786 1253.932779 -2.579191
E 0.632273 30.125893 17.539132 0.100662
W C 383.0 1458.0 482.0 682.0 1191.0 747.0 1805.0 190.0 
F 879.678112 1232.468840 -2.580255
E 0.632703 30.373849 17.618791 0.102820
W C 383.0 1458.0 482.0 682.0 1191.0 747.0 1805.0 190.0 
F 845.863669 1211.755439 -2.579227
E 0.632760 30.502973 17.760349 0.103155
W C 383.0 1458.0 482.0 682.0 1191.0 747.0 1805.0 190.0 
F 811.900438 1191.743400 -2.584854
E 0.628496 30.601018 18.030055 0.112204
W C 383.0 1458.0 482.0 682.0 1191.0 747.0 
F 811.594046 1192.295116 -2.589705
E 0.620729 28.999670 17.575829 0.088931
W C 383.0 1458.0 482.0 682.0 1191.0 747.0 
F 775.684447 1171.189165 -2.593355
E 0.613498 29.317385 17.678704 0.110138
W C 383.0 1458.0 482.0 682.0 1191.0 747.0 
F 739.270020 1149.972698 -2.598422
E 0.608508 29.497624 17.964008 0.113199
W C 383.0 1458.0 482.0 682.0 1191.0 747.0 
F 705.505693 1130.560906 -2.598778
E 0.606875 29.569008 18.314745 0.113791
W C 383.0 1458.0 482.0 682.0 1191.0 747.0 
F 705.270865 1131.483956 -2.606218
E 0.600862 28.334070 17.841933 0.095223
W C 383.0 1458.0 482.0 682.0 
F 666.029285 1109.398130 -2.616917
E 0.586286 29.032826 18.091003 0.122482
W C 383.0 1458.0 482.0 682.0 
F 628.813442 1088.894181 -2.626072
E 0.575520 29.468482 18.558546 0.127886
W C 383.0 1458.0 482.0 682.0 
F 591.359270 1068.196481 -2.630810
E 0.576311 29.660604 19.112207 0.128986
W C 383.0 1458.0 482.0 682.0 
F 591.158443 1068.373793 -2.630983
E 0.599765 28.154275 18.469469 0.104008
W C 383.0 1458.0 482.0 682.0 
F 553.174299 1047.473987 -2.632887
E 0.606317 28.505623 18.805974 0.124855
W C 383.0 1458.0 482.0 682.0 
F 514.410686 1026.436919 -2.637898
E 0.633767 28.656188 19.354196 0.129441
W C 383.0 1458.0 482.0 682.0 
F 479.343542 1006.554778 -2.627468
E 0.682953 28.726679 20.021811 0.131535
W C 383.0 1458.0 482.0 682.0 
F 444.227715 986.521259 -2.592270
E 0.748250 29.293254 20.721638 0.138622
W C 383.0 1458.0 482.0 682.0 
F 444.659473 988.179758 -2.606827
E 2.368092 19.932590 27.541157 0.110789
W C 383.0 1458.0 482.0 682.0 
F 408.849015 961.192778 -2.510404
E 2.436717 20.481579 30.226810 0.162177
W C 482.0 682.0 
F 375.875720 929.707783 -2.402887
E 2.548332 20.951561 32.442348 0.153606
W C 482.0 682.0 1805.0 190.0 
F 347.515792 897.064620 -2.309256
E 2.670233 21.316529 34.188487 0.155037
W C 482.0 682.0 1805.0 190.0 
F 322.334501 861.884649 -2.215620
E 2.794846 21.646244 35.523327 0.158350
W C 482.0 682.0 1805.0 190.0 
F 322.283378 861.597990 -2.217932
E 2.807230 21.008308 33.978942 0.132763
W C 482.0 682.0 1805.0 190.0 
F 300.186146 824.022052 -2.123672
E 2.919507 21.130489 35.168241 0.156114
W C 482.0 682.0 1805.0 190.0 
F 282.163408 783.509454 -2.012362
E 3.065184 21.734789 38.037546 0.201149
W C 482.0 682.0 
F 269.630313 742.057423 -1.894963
E -3.043857 22.634049 41.750143 0.227846
W C 482.0 682.0 
F 260.466403 698.366274 -1.796442
E -2.859643 23.697234 46.347557 0.249734
W C 482.0 682.0 
F 260.466403 698.366274 -1.796442
E -2.859643 23.697234 46.347557 0.249734
W C 
F 250.582642 660.860167 -1.719542
E -2.791937 25.695771 45.983766 0.208619
W C 1805.0 190.0 
F 246.596441 619.962066 -1.613839
E -2.783801 27.689305 47.886655 0.200058
W C 1805.0 190.0 
F 245.256911 578.918221 -1.535852
E -2.781573 29.287279 49.857017 0.195200
W C 1805.0 190.0 
F 249.087065 577.921127 -1.507220
E -2.816855 28.179892 49.040097 0.138543
W C 1805.0 190.0 1191.0 747.0 
F 257.985741 537.911936 -1.391557
E -2.808003 28.380596 50.618256 0.149406
W C 1805.0 190.0 1191.0 747.0 
F 273.586095 498.182136 -1.252201
E -2.789834 28.157242 52.022331 0.133867
W C 1805.0 190.0 1191.0 747.0 1693.0 1043.0 
F 292.733390 461.167144 -1.135470
E -2.759288 28.196582 53.085698 0.148062
W C 1805.0 190.0 1191.0 747.0 
F 294.938688 460.722270 -1.127941
E -2.776863 27.534519 52.381193 0.119683
W C 1805.0 190.0 1191.0 747.0 
F 321.353247 426.669856 -0.974240
E -2.736017 27.542653 53.237962 0.146137
W C 1805.0 190.0 1191.0 747.0 
F 348.061945 396.447185 -0.876592
E -2.693092 27.765917 53.561243 0.147669
W C 1805.0 190.0 1191.0 747.0 
F 380.776612 368.478577 -0.744468
E -2.642863 28.181932 53.926696 0.150814
W C 1805.0 190.0 1191.0 747.0 
F 414.734541 344.973596 -0.632903
E -2.592942 28.651725 53.862737 0.149633
W C 1805.0 190.0 1191.0 747.0 
F 416.728840 345.271778 -0.625443
E -2.610244 27.911702 52.937021 0.120130
W C 1805.0 190.0 1191.0 747.0 
F 456.770768 327.683295 -0.468162
E -2.552427 28.413015 52.661760 0.145115
W C 1805.0 190.0 1191.0 747.0 
F 494.978790 313.743154 -0.370576
E -2.492149 29.189384 52.042791 0.148568
W C 1805.0 190.0 1191.0 747.0 
F 536.461141 305.608935 -0.236477
E -2.432252 29.938310 51.231486 0.148027
W C 1805.0 190.0 1191.0 747.0 
F 540.821832 307.384310 -0.204019
E -2.453614 29.198377 50.131490 0.118834
W C 1805.0 190.0 1191.0 747.0 
F 587.236322 304.803664 -0.116694
E -2.389240 29.365324 48.458696 0.120508
W C 1805.0 190.0 1191.0 747.0 1291.0 1881.0 
F 632.819783 307.100599 -0.044281
E -0.745649 46.202392 29.693439 0.119864
W C 1805.0 190.0 1191.0 747.0 383.0 1458.0 
F 676.095505 311.425606 0.002716
E -0.664719 44.207393 29.976007 0.119092
W C 1805.0 190.0 1191.0 747.0 383.0 1458.0 
F 719.468231 316.519364 0.039671
E -0.573532 42.467308 30.110725 0.118225
W C 1805.0 190.0 1191.0 747.0 383.0 1458.0 
F 719.865761 318.744163 0.045571
E -0.574262 40.788499 29.281733 0.095234
W C 1805.0 190.0 1191.0 747.0 383.0 1458.0 
F 765.233444 322.593428 0.049882
E -0.455619 39.557662 29.241410 0.114661
W C 1805.0 190.0 1191.0 747.0 383.0 1458.0 
F 809.780640 327.552634 0.063490
E -0.331823 38.665818 28.719032 0.107753
W C 1805.0 190.0 1191.0 747.0 1291.0 1881.0 383.0 1458.0 
F 852.406421 332.179774 0.070119
E -0.212608 38.035489 28.348755 0.116272
W C 1805.0 190.0 1191.0 747.0 383.0 1458.0 
F 894.181409 335.898457 0.067478
E -0.125677 37.265283 27.610704 0.107241
W C 1805.0 190.0 1693.0 1043.0 1191.0 747.0 383.0 1458.0 
F 895.400764 335.681452 0.058741
E -0.160904 35.697308 26.991602 0.088911
W C 1805.0 190.0 1693.0 1043.0 1191.0 747.0 
F 940.360446 338.283320 0.052407
E -0.087439 35.458221 26.317271 0.112697
W C 1805.0 190.0 1693.0 1043.0 1191.0 747.0 
F 983.568748 341.014512 0.053745
E -0.028110 35.183990 25.687740 0.115667
W C 1805.0 190.0 1693.0 1043.0 1191.0 747.0 
F 1024.362592 344.264441 0.066560
E 0.024205 34.922506 25.108307 0.116442
W C 1805.0 190.0 1693.0 1043.0 1191.0 747.0 
F 1025.757287 343.908424 0.054765
E -0.001447 33.291157 24.641724 0.093821
W C 1805.0 190.0 1693.0 1043.0 1191.0 747.0 
F 1068.935225 346.390864 0.053359
E 0.050055 33.269735 23.974283 0.113409
W C 1805.0 190.0 1693.0 1043.0 1191.0 747.0 
F 1112.707238 348.642926 0.049877
E 0.090639 33.189357 23.478444 0.116291
W C 1805.0 190.0 1693.0 1043.0 1191.0 747.0 
F 1154.783095 350.906276 0.052431
E 0.120963 33.019458 23.091598 0.116464
W C 1805.0 190.0 1693.0 1043.0 1191.0 747.0 
F 1194.214414 353.429390 0.066978
E 0.143278 32.831199 22.777119 0.116667
W C 1805.0 190.0 1693.0 1043.0 1191.0 747.0 
F 1194.999745 353.002746 0.054570
E 0.111462 31.091686 22.271886 0.093648
W C 1805.0 190.0 1693.0 1043.0 1191.0 747.0 
F 1238.876188 355.248883 0.054151
E 0.131859 31.244506 21.844144 0.113579
W C 1805.0 190.0 1693.0 1043.0 1191.0 747.0 
F 1281.428245 357.822827 0.082774
E 0.145916 31.825380 21.592222 0.121173
W C 1805.0 190.0 1693.0 1043.0 1191.0 747.0 
F 1320.949849 362.875186 0.151833
E 0.164514 33.116233 21.413619 0.127697
W C 1805.0 190.0 1693.0 1043.0 1191.0 747.0 
F 1320.527616 362.777796 0.144790
E 0.121189 31.220273 20.861621 0.098658
W C 1805.0 190.0 1693.0 1043.0 1191.0 747.0 
F 1362.649650 377.886917 0.302610
E 0.168851 32.862551 20.439971 0.115551
W C 1805.0 190.0 1693.0 1043.0 1291.0 1881.0 1191.0 747.0 
F 1400.014038 397.855853 0.443371
E 0.216659 32.957637 20.245095 0.112989
W C 1805.0 190.0 1693.0 1043.0 1291.0 1881.0 1191.0 747.0 
F 1431.566654 417.463569 0.521639
E 0.270731 32.431115 20.224503 0.111291
W C 1805.0 190.0 1693.0 1043.0 1291.0 1881.0 1191.0 747.0 
F 1432.468942 419.923425 0.538347
E 0.229245 30.215518 19.687173 0.089652
W C 1805.0 190.0 1693.0 1043.0 1191.0 747.0 
F 1462.919672 448.117937 0.682986
E 0.318675 30.205272 19.790338 0.109543
W C 1805.0 190.0 1693.0 1043.0 1291.0 1881.0 1191.0 747.0 
F 1488.520296 477.990604 0.796222
E 0.411840 29.782415 20.102324 0.109977
W C 1805.0 190.0 1693.0 1043.0 1291.0 1881.0 1191.0 747.0 
F 1509.777076 505.480222 0.860228
E 0.537060 29.600068 20.715729 0.122848
W C 1805.0 190.0 1693.0 1043.0 1191.0 747.0 
F 1524.835914 536.795747 1.003070
E 0.666847 29.676948 20.863875 0.104155
W C 1805.0 190.0 1693.0 1043.0 1291.0 1881.0 383.0 1458.0 1191.0 747.0 
F 1522.044131 541.496817 1.048891
E 0.654872 27.307587 20.066664 0.075268
W C 1805.0 190.0 1693.0 1043.0 1291.0 1881.0 383.0 1458.0 1191.0 747.0 482.0 682.0 
F 1531.858524 581.017864 1.245343
E 2.442908 20.272627 29.519089 0.105092
W C 1693.0 1043.0 1291.0 1881.0 383.0 1458.0 1191.0 747.0 482.0 682.0 
F 1537.116037 620.425522 1.394649
E 2.600034 20.460721 30.882538 0.114213
W C 1693.0 1043.0 1291.0 1881.0 383.0 1458.0 1191.0 747.0 
F 1534.784293 660.461308 1.571627
E 2.743305 20.641154 31.957720 0.126642
W C 1693.0 1043.0 383.0 1458.0 1191.0 747.0 
F 1533.089441 666.578886 1.606413
E 2.691148 19.976411 30.306969 0.093307
W C 1693.0 1043.0 1291.0 1881.0 383.0 1458.0 1191.0 747.0 
F 1522.561409 708.023803 1.788530
E 2.860974 20.485417 30.659173 0.113402
W C 1693.0 1043.0 1291.0 1881.0 383.0 1458.0 1191.0 747.0 
F 1507.744203 745.042868 1.931187
E 2.999216 20.974844 30.169456 0.112828
W C 1693.0 1043.0 1291.0 1881.0 383.0 1458.0 1191.0 747.0 
F 1489.046965 777.317584 2.065811
E 3.121805 21.391555 29.086892 0.111689
W C 1693.0 1043.0 1291.0 1881.0 383.0 1458.0 1191.0 747.0 
F 1469.473164 805.228260 2.134387
E -3.089072 21.505470 27.257365 0.107328
W C 1693.0 1043.0 1291.0 1881.0 383.0 1458.0 1191.0 747.0 
F 1463.718666 807.229029 2.200978
E 3.029882 20.774552 24.887365 0.082760
W C 1693.0 1043.0 1291.0 1881.0 383.0 1458.0 1191.0 747.0 
F 1430.280479 840.083800 2.315722
E -3.126721 21.013650 23.693087 0.101140
W C 1693.0 1043.0 1291.0 1881.0 383.0 1458.0 1191.0 747.0 
F 1395.337088 868.209940 2.394913
E -2.932485 21.254535 22.590662 0.095762
W C 1693.0 1043.0 1291.0 1881.0 383.0 1458.0 482.0 682.0 1191.0 747.0 
F 1359.753822 895.216192 2.453394
E -2.461086 21.388057 22.893951 0.103609
W C 1291.0 1881.0 383.0 1458.0 482.0 682.0 1191.0 747.0 
F 1354.598360 899.796621 2.452580
E -2.777223 20.878901 21.522157 0.082398
W C 1291.0 1881.0 383.0 1458.0 482.0 682.0 1191.0 747.0 
F 1316.652837 929.283708 2.469276
E -0.704910 22.367972 20.682960 0.103682
W C 1291.0 1881.0 383.0 1458.0 482.0 682.0 1191.0 747.0 
F 1280.219160 957.011424 2.482129
E -0.629591 24.399318 20.667007 0.112152
W C 1291.0 1881.0 383.0 1458.0 482.0 682.0 
F 1244.165267 984.320272 2.487671
E -0.624587 26.175026 20.743374 0.113158
W C 1291.0 1881.0 383.0 1458.0 482.0 682.0 
F 1242.779130 985.340437 2.487523
E -0.632075 25.587636 20.339482 0.089498
W C 1291.0 1881.0 383.0 1458.0 482.0 682.0 
F 1206.586331 1012.858833 2.490071
E -0.631491 27.128479 20.248307 0.109731
W C 1291.0 1881.0 383.0 1458.0 482.0 682.0 
F 1170.490157 1040.404367 2.490643
E -0.630419 28.467643 20.307631 0.112860
W C 1291.0 1881.0 383.0 1458.0 482.0 682.0 
F 1134.461961 1068.297599 2.485980
E -0.629005 29.582057 20.421377 0.113216
W C 1291.0 1881.0 383.0 1458.0 482.0 682.0 
F 1099.809902 1094.752748 2.489606
E -0.628196 30.500163 20.543003 0.113274
W C 1291.0 1881.0 383.0 1458.0 482.0 682.0 
F 1065.825892 1120.733786 2.489958
E -0.626065 31.247741 20.654903 0.113320
W C 1291.0 1881.0 383.0 1458.0 482.0 682.0 
F 1064.589155 1121.773056 2.489050
E -0.627750 30.162213 20.162176 0.089547
W C 1291.0 1881.0 383.0 1458.0 482.0 682.0 
F 1029.262016 1148.859631 2.489036
E -0.625841 30.952866 20.080638 0.110378
W C 1291.0 1881.0 383.0 1458.0 482.0 682.0 
F 994.055793 1175.925927 2.488584
E -0.622941 31.565279 20.135272 0.113054
W C 1291.0 1881.0 383.0 1458.0 482.0 682.0 
F 958.729623 1201.842515 2.503196
E -0.603222 32.733816 20.432716 0.127414
W C 383.0 1458.0 482.0 682.0 
F 959.187977 1202.283570 2.497010
E -0.615007 31.374459 19.831638 0.096147
W C 1291.0 1881.0 383.0 1458.0 482.0 682.0 
F 922.976546 1229.795860 2.497510
E -0.591939 32.644357 19.933178 0.124665
W C 383.0 1458.0 482.0 682.0 
F 891.588191 1253.893709 2.536805
E -0.571632 34.310967 20.063423 0.125246
W C 1291.0 1881.0 383.0 1458.0 482.0 682.0 
F 861.151186 1271.535483 2.637598
E -0.525014 37.905830 20.136620 0.132627
W C 1291.0 1881.0 383.0 1458.0 482.0 682.0 
F 838.008344 1282.727370 2.709274
E -0.489456 39.067629 20.027746 0.128812
W C 1291.0 1881.0 383.0 1458.0 482.0 682.0 
F 837.797836 1279.503763 2.754986
E -0.491173 36.847942 19.541903 0.097152
W C 1291.0 1881.0 383.0 1458.0 482.0 682.0 
F 806.557730 1281.317552 2.967825
E -0.431972 38.318558 19.446357 0.127411
W C 1291.0 1881.0 383.0 1458.0 482.0 682.0 
F 774.876708 1278.173872 -3.117347
E -0.354318 40.006805 19.916701 0.146248
W C 383.0 1458.0 482.0 682.0 
F 744.046762 1266.700846 -2.885972
E -0.264625 40.757786 20.865526 0.148224
W C 383.0 1458.0 482.0 682.0 
F 743.697082 1264.723714 -2.852878
E -0.283002 38.998908 20.399614 0.114934
W C 383.0 1458.0 482.0 682.0 
F 717.953121 1245.493375 -2.625701
E -0.154118 38.521965 22.165972 0.129820
W C 383.0 1458.0 482.0 682.0 1191.0 747.0 
F 698.442519 1224.614425 -2.457842
E -0.033885 37.180599 23.960765 0.129016
W C 383.0 1458.0 482.0 682.0 1191.0 747.0 
F 683.354831 1201.930788 -2.308003
E 0.109145 35.691047 25.605710 0.128731
W C 383.0 1458.0 482.0 682.0 1191.0 747.0 
F 674.055114 1174.118301 -2.097626
E 0.294889 34.294525 26.810159 0.127794
W C 383.0 1458.0 482.0 682.0 1191.0 747.0 
F 677.262217 1173.638855 -2.060471
E 0.263905 31.406823 25.727108 0.091263
W C 383.0 1458.0 482.0 682.0 1191.0 747.0 1693.0 1043.0 
F 673.473891 1140.011440 -1.802927
E 0.757197 33.120285 26.982917 0.128615
W C 482.0 682.0 1191.0 747.0 1693.0 1043.0 
F 671.964743 1108.857031 -1.663721
E 2.649612 27.082138 34.969739 0.130612
W C 482.0 682.0 1191.0 747.0 1693.0 1043.0 
F 674.087405 1067.063788 -1.564908
E 2.758188 26.156482 34.950884 0.119271
W C 482.0 682.0 1191.0 747.0 1693.0 1043.0 
F 680.041551 1065.327920 -1.493517
E 2.722339 25.163725 33.882569 0.094971
W C 482.0 682.0 1191.0 747.0 1693.0 1043.0 
F 688.829142 1022.442616 -1.422118
E 2.823413 24.410925 33.573712 0.112343
W C 482.0 682.0 1191.0 747.0 1693.0 1043.0 
F 702.320013 978.419938 -1.343637
E 2.884373 23.610887 32.989761 0.104700
W C 482.0 682.0 1805.0 190.0 1191.0 747.0 1693.0 1043.0 
F 715.355813 937.972953 -1.309881
E 2.932089 22.993107 32.074963 0.103583
W C 482.0 682.0 1805.0 190.0 1191.0 747.0 1693.0 1043.0 
F 727.588788 900.313791 -1.298276
E 2.967011 22.490931 30.909880 0.102906
W C 482.0 682.0 1805.0 190.0 1191.0 747.0 1693.0 1043.0 
F 728.958136 897.145553 -1.299001
E 2.898343 21.628446 29.020291 0.080752
W C 482.0 682.0 1805.0 190.0 1191.0 747.0 1693.0 1043.0 
F 741.427276 855.674607 -1.299167
E 2.967288 21.327217 28.228576 0.100943
W C 482.0 682.0 1805.0 190.0 1191.0 747.0 1693.0 1043.0 
F 754.023061 813.462428 -1.300695
E 3.022936 21.204566 27.344045 0.103161
W C 482.0 682.0 1805.0 190.0 1191.0 747.0 1693.0 1043.0 
F 766.203830 773.639338 -1.302363
E 3.082689 21.236119 26.469762 0.103596
W C 482.0 682.0 1805.0 190.0 1191.0 747.0 1693.0 1043.0 
F 777.867638 738.304609 -1.302835
E -3.116108 21.393821 25.813375 0.104428
W C 482.0 682.0 1805.0 190.0 1191.0 747.0 1693.0 1043.0 
F 778.734082 736.242651 -1.307262
E 3.126156 20.788279 23.760060 0.081261
W C 482.0 682.0 1805.0 190.0 1191.0 747.0 1693.0 1043.0 
F 791.681779 696.355579 -1.277907
E -2.934784 20.917774 24.543662 0.106812
W C 482.0 682.0 1805.0 190.0 1191.0 747.0 1693.0 1043.0 
F 806.610929 656.866913 -1.234467
E -2.788969 21.287922 25.433236 0.120726
W C 482.0 682.0 1805.0 190.0 1191.0 747.0 
F 825.911202 615.886683 -1.149672
E -2.686455 21.910975 28.026058 0.139695
W C 1805.0 190.0 1191.0 747.0 
F 827.561739 615.022339 -1.145808
E -2.706297 21.406932 27.541530 0.114540
W C 1805.0 190.0 1191.0 747.0 
F 851.308084 575.779249 -1.055174
E -2.589761 21.786296 29.756337 0.140599
W C 1805.0 190.0 1191.0 747.0 
F 876.981904 538.918437 -0.976700
E -2.484589 22.325176 31.622273 0.146278
W C 1805.0 190.0 1191.0 747.0 
F 905.654770 504.846106 -0.890299
E -2.392453 22.889629 33.151458 0.147817
W C 1805.0 190.0 1191.0 747.0 
F 907.004472 504.547980 -0.887250
E -2.424240 22.358849 32.160501 0.120949
W C 1805.0 190.0 1191.0 747.0 
F 941.209739 472.686229 -0.781057
E -0.770487 33.533575 22.444132 0.129655
W C 1805.0 190.0 1693.0 1043.0 1191.0 747.0 
F 976.667411 444.971029 -0.670631
E -0.683202 35.843397 22.557469 0.137504
W C 1805.0 190.0 1693.0 1043.0 1191.0 747.0 
F 1011.844002 421.931661 -0.573607
E -0.601745 37.504091 22.662927 0.138043
W C 1805.0 190.0 1693.0 1043.0 1191.0 747.0 
F 1048.654966 405.073473 -0.453200
E -0.537342 37.950614 22.683550 0.134166
W C 1805.0 190.0 1693.0 1043.0 1191.0 747.0 
F 1051.922351 405.527775 -0.434953
E -0.569408 36.195843 22.116911 0.106719
W C 1805.0 190.0 1693.0 1043.0 1191.0 747.0 
F 1092.795526 394.583221 -0.302921
E -0.489472 36.396197 22.024040 0.128296
W C 1805.0 190.0 1693.0 1043.0 1191.0 747.0 
F 1132.892218 388.297846 -0.189029
E -0.409216 36.311678 22.073607 0.129731
W C 1805.0 190.0 1693.0 1043.0 1191.0 747.0 
F 1170.559517 384.721418 -0.106572
E -0.323021 36.227529 22.204646 0.130383
W C 1805.0 190.0 1693.0 1043.0 1191.0 747.0 
F 1212.466569 386.679570 -0.011021
E -0.260561 35.375371 22.208301 0.123135
W C 1805.0 190.0 1693.0 1043.0 1191.0 747.0 
F 1215.776238 391.038462 0.038089
E -0.298240 33.531014 21.410664 0.093709
W C 1805.0 190.0 1693.0 1043.0 1291.0 1881.0 1191.0 747.0 
F 1261.376469 397.381843 0.090618
E -0.220712 32.941754 21.374440 0.115173
W C 1805.0 190.0 1693.0 1043.0 1191.0 747.0 
F 1305.615257 406.853714 0.150038
E -0.155181 32.428944 21.400334 0.117474
W C 1805.0 190.0 1693.0 1043.0 1191.0 747.0 
F 1346.758817 418.253692 0.207067
E -0.090943 32.768681 21.418487 0.114080
W C 1805.0 190.0 1693.0 1043.0 1291.0 1881.0 
F 1347.633412 419.328263 0.216433
E -0.111692 31.841004 20.933562 0.096027
W C 1805.0 190.0 1693.0 1043.0 
F 1390.110093 430.725941 0.233995
E -0.050734 32.295983 20.812040 0.111478
W C 1805.0 190.0 1693.0 1043.0 1291.0 1881.0 
F 1432.095029 442.038731 0.240133
E -0.010874 32.520455 20.736813 0.112789
W C 1805.0 190.0 1693.0 1043.0 1291.0 1881.0 
F 1474.144180 452.204134 0.234610
E 0.011084 32.689543 20.829590 0.125645
W C 1805.0 190.0 1693.0 1043.0 
F 1512.311026 462.645636 0.239860
E 0.024313 32.502752 20.840716 0.115018
W C 1805.0 190.0 1693.0 1043.0 1291.0 1881.0 
F 1513.452331 462.851250 0.238818
E 0.003644 30.989910 20.316448 0.096285
W C 1805.0 190.0 1693.0 1043.0 
F 1558.753534 473.615295 0.235862
E 0.014076 31.036739 20.319296 0.122852
W C 1805.0 190.0 1693.0 1043.0 
F 1600.429551 483.954598 0.261674
E 0.021512 31.156127 20.650004 0.132603
W C 1805.0 190.0 1693.0 1043.0 
F 1638.125363 495.259416 0.292442
E 0.042707 30.915303 21.027347 0.120565
W C 1805.0 190.0 1693.0 1043.0 1291.0 1881.0 
F 1638.834421 497.594003 0.310099
E 0.018549 28.827800 20.365190 0.093218
W C 1805.0 190.0 1693.0 1043.0 1291.0 1881.0 
F 1678.619068 516.127792 0.398723
E 0.084448 28.931972 20.717978 0.116905
W C 1805.0 190.0 1693.0 1043.0 1291.0 1881.0 
F 1718.072264 539.149131 0.492601
E 0.170793 28.952436 21.365936 0.120659
W C 1805.0 190.0 1693.0 1043.0 1291.0 1881.0 
F 1752.555716 560.099145 0.533357
E 0.263689 29.048088 22.397902 0.137079
W C 1805.0 190.0 1693.0 1043.0 
F 1752.559048 560.284009 0.533656
E 0.313617 28.503464 22.003481 0.121049
W C 1693.0 1043.0 
F 1788.405169 588.765041 0.667781
E 0.526225 31.874691 22.898686 0.149052
W C 1693.0 1043.0 383.0 1458.0 
F 1819.569501 620.774203 0.799676
E 0.704342 35.192488 23.609089 0.156102
W C 1693.0 1043.0 383.0 1458.0 
F 1846.004087 652.532329 0.890755
E 2.410760 24.002121 37.420226 0.154610
W C 1693.0 1043.0 383.0 1458.0 
F 1868.379021 688.177075 0.993024
E 2.522806 24.195911 38.664346 0.149824
W C 1693.0 1043.0 383.0 1458.0 
F 1867.848382 688.586520 0.998541
E 2.525968 23.696397 38.352311 0.136014
W C 1693.0 1043.0 
F 1888.206496 730.891493 1.071085
E 2.641511 23.683445 39.114600 0.142254
W C 1693.0 1043.0 383.0 1458.0 
F 1905.544680 773.369803 1.131180
E 2.748910 23.732616 39.701730 0.143364
W C 1693.0 1043.0 383.0 1458.0 
F 1919.140852 819.402135 1.237248
E 2.831705 23.557901 39.465447 0.130386
W C 1291.0 1881.0 1693.0 1043.0 383.0 1458.0 
F 1932.400010 865.527569 1.289210
E 2.919764 23.311258 38.976574 0.130591
W C 1291.0 1881.0 1693.0 1043.0 383.0 1458.0 
F 1933.647919 871.735267 1.291412
E 2.919668 22.839836 37.155092 0.114078
W C 1291.0 1881.0 1693.0 1043.0 
F 1941.730332 921.592668 1.388928
E 3.023072 22.625815 37.330904 0.147280
W C 1291.0 1881.0 1693.0 1043.0 
F 1945.297837 971.102045 1.479933
E 3.137413 22.696204 37.131011 0.154690
W C 1291.0 1881.0 1693.0 1043.0 
F 1944.898287 1015.736824 1.557896
E -3.038826 22.756404 36.033105 0.137496
W C 1291.0 1881.0 1693.0 1043.0 482.0 682.0 
F 1943.163732 1023.274917 1.571432
E -3.062498 22.214343 33.173937 0.109995
W C 1291.0 1881.0 383.0 1458.0 1693.0 1043.0 
F 1938.165386 1072.221047 1.658132
E -2.940138 22.304105 33.793183 0.149319
W C 383.0 1458.0 1693.0 1043.0 
F 1928.157299 1117.537458 1.756331
E -2.892058 22.710371 34.747696 0.141662
W C 1291.0 1881.0 383.0 1458.0 
F 1914.851980 1162.601223 1.841546
E -2.862747 23.193106 36.172744 0.140156
W C 1291.0 1881.0 383.0 1458.0 
F 1899.411333 1204.917833 1.914875
E -2.838071 23.612953 37.406754 0.138332
W C 1291.0 1881.0 383.0 1458.0 
F 1896.180263 1207.045514 1.933054
E -2.862261 22.898958 36.716598 0.102543
W C 1291.0 1881.0 383.0 1458.0 482.0 682.0 
F 1873.029275 1249.321968 2.037569
E -2.821378 22.872885 37.956731 0.119376
W C 1291.0 1881.0 383.0 1458.0 482.0 682.0 
F 1849.340145 1288.934496 2.100256
E -2.768408 22.817107 38.850260 0.112074
W C 1291.0 1881.0 383.0 1458.0 482.0 682.0 1191.0 747.0 
F 1823.133689 1325.942921 2.172891
E -2.717093 22.737013 39.483844 0.111074
W C 1291.0 1881.0 383.0 1458.0 482.0 682.0 1191.0 747.0 
F 1820.298255 1327.049448 2.189622
E -2.732387 22.071399 38.458629 0.086718
W C 1291.0 1881.0 383.0 1458.0 482.0 682.0 1191.0 747.0 
F 1789.103572 1361.569462 2.283179
E -2.672337 21.920758 39.001872 0.108741
W C 1291.0 1881.0 383.0 1458.0 482.0 682.0 1191.0 747.0 
F 1754.901625 1393.422311 2.375406
E -2.613149 21.898824 39.357073 0.110303
W C 1291.0 1881.0 383.0 1458.0 482.0 682.0 1191.0 747.0 
F 1720.738664 1422.048571 2.440533
E -2.554992 21.911123 39.525298 0.109940
W C 1291.0 1881.0 383.0 1458.0 482.0 682.0 1191.0 747.0 
F 1686.095376 1447.575669 2.504318
E -2.500901 21.874061 39.551246 0.109290
W C 1291.0 1881.0 383.0 1458.0 482.0 682.0 1191.0 747.0 
F 1683.725993 1447.560430 2.523104
E -2.517570 21.219833 38.286202 0.085227
W C 1291.0 1881.0 383.0 1458.0 482.0 682.0 1191.0 747.0 
F 1644.296109 1469.922561 2.604497
E -2.460535 21.083729 38.183649 0.104926
W C 1291.0 1881.0 383.0 1458.0 482.0 682.0 1191.0 747.0 
F 1602.542176 1490.010312 2.658295
E -2.412412 20.981132 37.868223 0.104487
W C 1291.0 1881.0 383.0 1458.0 482.0 682.0 1191.0 747.0 
F 1563.300263 1508.643867 2.679173
E -2.369773 20.859190 37.493744 0.103993
W C 1291.0 1881.0 383.0 1458.0 482.0 682.0 1191.0 747.0 
F 1562.061166 1509.041803 2.679688
E -2.387980 20.224100 36.128693 0.081756
W C 1291.0 1881.0 383.0 1458.0 482.0 682.0 1191.0 747.0 
F 1521.677645 1528.840554 2.676405
E -0.753090 36.826684 20.422515 0.112295
W C 383.0 1458.0 482.0 682.0 1191.0 747.0 
F 1482.522453 1548.050616 2.681773
E -0.727048 36.298798 20.224739 0.103947
W C 1291.0 1881.0 383.0 1458.0 482.0 682.0 1191.0 747.0 
F 1442.975952 1567.666766 2.680696
E -0.712616 35.679038 19.917964 0.102679
W C 1291.0 1881.0 383.0 1458.0 482.0 682.0 1191.0 747.0 
F 1403.199546 1586.114919 2.696330
E -0.660239 36.535146 20.274974 0.115685
W C 383.0 1458.0 482.0 682.0 1191.0 747.0 
F 1402.795609 1586.727648 2.686948
E -0.661132 36.030957 19.863071 0.093404
W C 383.0 1458.0 482.0 682.0 1191.0 747.0 
F 1362.209569 1605.399105 2.719151
E -0.592558 37.314685 20.271991 0.119773
W C 383.0 1458.0 482.0 682.0 1191.0 747.0 
F 1322.752329 1621.375031 2.766990
E -0.529922 38.466004 20.776845 0.123416
W C 383.0 1458.0 482.0 682.0 1191.0 747.0 
F 1281.414799 1634.427602 2.836303
E -0.468536 39.564033 21.300007 0.124662
W C 383.0 1458.0 482.0 682.0 1191.0 747.0 
F 1281.305251 1633.826762 2.843507
E -0.478383 38.913066 20.738371 0.098809
W C 383.0 1458.0 482.0 682.0 1191.0 747.0 
F 1236.584280 1641.390344 2.949454
E -0.413431 39.854672 21.057750 0.121558
W C 383.0 1458.0 482.0 682.0 1191.0 747.0 
F 1193.082609 1646.474671 3.010956
E -0.353745 40.326500 21.458335 0.121300
W C 383.0 1458.0 482.0 682.0 1191.0 747.0 
F 1149.538375 1648.572298 3.055991
E -0.298155 40.632085 21.818984 0.119152
W C 383.0 1458.0 482.0 682.0 1191.0 747.0 
F 1106.547552 1650.764790 3.076001
E -0.245655 40.871723 22.095934 0.118383
W C 383.0 1458.0 482.0 682.0 1191.0 747.0 
F 1106.994476 1650.704645 3.076329
E -0.254263 40.006331 21.505607 0.095359
W C 383.0 1458.0 482.0 682.0 1191.0 747.0 
F 1062.721346 1654.066933 3.070809
E -0.201798 40.336356 21.553714 0.114945
W C 383.0 1458.0 482.0 682.0 1191.0 747.0 
F 1019.570266 1656.694037 3.079374
E -0.154312 40.710197 21.652093 0.117935
W C 383.0 1458.0 482.0 682.0 1191.0 747.0 
F 976.976575 1659.232545 3.086528
E -0.109639 41.082958 21.740697 0.118390
W C 383.0 1458.0 482.0 682.0 1191.0 747.0 
F 976.706755 1660.377108 3.073944
E -0.117988 40.149055 21.149573 0.095462
W C 383.0 1458.0 482.0 682.0 1191.0 747.0 
F 932.429752 1663.723272 3.074467
E -0.074621 40.684868 21.051899 0.115776
W C 383.0 1458.0 482.0 682.0 1191.0 747.0 
F 888.764556 1667.973636 3.061308
E -0.040519 41.257986 21.156435 0.129041
W C 383.0 1458.0 482.0 682.0 
F 844.958002 1671.793870 3.062476
E -0.008077 41.872110 21.318262 0.132143
W C 383.0 1458.0 482.0 682.0 
F 845.118426 1672.462721 3.057012
E -0.017822 41.012051 20.746083 0.108543
W C 383.0 1458.0 482.0 682.0 
F 800.367991 1677.239077 3.047587
E 0.015048 41.719945 20.691058 0.128957
W C 383.0 1458.0 482.0 682.0 
F 756.939626 1681.218497 3.054353
E 0.049517 42.425200 20.764425 0.133227
W C 383.0 1458.0 482.0 682.0 
F 713.393370 1685.152760 3.060064
E 0.087807 43.126162 20.845898 0.134756
W C 383.0 1458.0 482.0 682.0 
F 672.710300 1687.807433 3.075954
E 0.129006 43.714919 20.843549 0.134933
W C 383.0 1458.0 482.0 682.0 
F 667.039570 1689.407910 3.069820
E 0.132202 42.843453 20.213613 0.113417
W C 383.0 1458.0 482.0 682.0 
F 666.192304 1691.044815 3.055361
E 0.126560 41.951240 19.758860 0.100704
W C 383.0 1458.0 482.0 682.0 
F 665.497113 1692.019703 3.047978
E 0.121169 41.117779 19.420058 0.092433
W C 383.0 1458.0 482.0 682.0 
F 664.898017 1692.721904 3.043453
E 0.115967 40.336642 19.139174 0.086503
W C 383.0 1458.0 482.0 682.0 
F 664.261274 1693.221847 3.040610
E 0.110933 39.602465 18.892487 0.081979
W C 383.0 1458.0 482.0 682.0 
F 663.677753 1693.668417 3.038710
E 0.106064 38.910551 18.668319 0.078373
W C 383.0 1458.0 482.0 682.0 
F 663.125903 1694.054439 3.037432
E 0.101351 38.256892 18.460358 0.075404
W C 383.0 1458.0 482.0 682.0 
F 662.619770 1694.397637 3.036555
E 0.096785 37.637979 18.264786 0.072898
W C 383.0 1458.0 482.0 682.0 
