F 1850.0 1897.0 3.717551306747922
F 1850.0 1897.0 3.717551306747922
F 1850.0 1897.0 3.717551306747922
F 1850.0 1897.0 3.717551306747922
F 1850.0 1897.0 3.717551306747922
F 1850.0 1897.0 3.717551306747922
F 1850.0 1897.0 3.717551306747922
F 1850.0 1897.0 3.717551306747922
F 1850.0 1897.0 3.717551306747922
F 1850.0 1897.0 3.717551306747922
F 1850.0 1897.0 3.717551306747922
F 1850.0 1897.0 3.717551306747922
F 1850.0 1897.0 3.717551306747922
F 1829.2185819968804 1883.5043893513625 3.717551306747922
F 1792.0461864138354 1859.3643534023915 3.717551306747922
F 1754.3705549043268 1835.0382549544909 -2.56788561333489
F 1716.5576530377493 1810.603138964822 -2.56788561333489
F 1716.5576530377493 1810.603138964822 -2.56788561333489
F 1679.0378744414554 1786.3574424789488 -2.56788561333489
F 1641.4356942907882 1761.917959602791 -2.5656340004316642
F 1603.7600627812797 1737.5918611548902 -2.56788561333489
F 1566.1578826306124 1713.1523782787324 -2.5656340004316642
F 1566.1578826306124 1713.1523782787324 -2.5656340004316642
F 1528.482251121104 1688.8262798308317 -2.56788561333489
F 1490.8800709704367 1664.3867969546739 -2.5656340004316642
F 1490.8800709704367 1664.3867969546739 -2.5656340004316642
F 1453.2044394609281 1640.0606985067732 -2.56788561333489
F 1415.602259310261 1615.6212156306153 -2.5656340004316642
F 1377.9266278007524 1591.2951171827146 -2.56788561333489
F 1340.3244476500852 1566.8556343065568 -2.5656340004316642
F 1302.6488161405766 1542.5295358586561 -2.56788561333489
F 1302.6488161405766 1542.5295358586561 -2.56788561333489
F 1265.0466359899094 1518.0900529824983 -2.5656340004316642
F 1227.3710044804009 1493.7639545345976 -2.56788561333489
F 1189.5581026138234 1469.3288385449287 -2.56788561333489
F 1189.5581026138234 1469.3288385449287 -2.56788561333489
F 1152.0383240175295 1445.0831420590555 -2.56788561333489
F 1114.4361438668623 1420.6436591828976 -2.5656340004316642
F 1076.7605123573537 1396.317560734997 -2.56788561333489
F 1038.9476104907762 1371.882444745328 -2.56788561333489
F 1038.9476104907762 1371.882444745328 -2.56788561333489
F 1001.4278318944822 1347.6367482594549 -2.56788561333489
F 963.825651743815 1323.197265383297 -2.5656340004316642
F 926.1500202343065 1298.8711669353963 -2.56788561333489
F 926.1500202343065 1298.8711669353963 -2.56788561333489
F 888.5478400836392 1274.4316840592385 -2.5656340004316642
F 850.8722085741307 1250.1055856113378 -2.56788561333489
F 813.0593067075532 1225.6704696216689 -2.56788561333489
F 774.9532815706922 1201.045934128204 -2.56788561333489
F 774.9532815706922 1201.045934128204 -2.56788561333489
F 737.351101420025 1176.606451252046 -2.5656340004316642
F 699.6754699105164 1152.2803528041454 -2.56788561333489
F 662.0732897598492 1127.8408699279876 -2.5656340004316642
F 662.0732897598492 1127.8408699279876 -2.5656340004316642
F 624.3976582503407 1103.514771480087 -2.56788561333489
F 586.7954780996735 1079.075288603929 -2.5656340004316642
F 549.1198465901649 1054.7491901560284 -2.56788561333489
F 549.1198465901649 1054.7491901560284 -2.56788561333489
F 511.5176664394977 1030.3097072798705 -2.5656340004316642
F 473.84203492998915 1005.9836088319696 -2.56788561333489
F 436.6288201782701 980.9522855114882 -2.5521243230123094
F 402.6241953607677 952.1322100174664 -2.4553049681736
F 402.6241953607677 952.1322100174664 -2.4553049681736
F 371.0943627650867 919.8941462837734 -2.360737226238116
F 342.95716775356414 884.8746342457056 -2.2639178713994066
F 318.3453534742059 847.5061694747319 -2.169350129463923
F 297.3720960894796 807.9806582682321 -2.074782387528439
F 297.3720960894796 807.9806582682321 -2.074782387528439
F 280.4090494991452 766.7597132179986 -1.9779630326897293
F 267.26521996503004 723.4387272009938 -1.8811436778510195
F 258.6417249609934 680.0609298836922 -1.7843243230123098
F 253.90323095901692 635.3955976933476 -1.6920081939800518
F 253.90323095901692 635.3955976933476 -1.6920081939800518
F 257.76207306274864 589.7628396057811 -1.514130774625213
F 270.17161412229626 546.7179802818468 -1.3227436778510195
F 289.6643351725745 507.1986374108872 -1.1448662584961808
F 289.6643351725745 507.1986374108872 -1.1448662584961808
F 313.31958383727164 473.44510418899347 -0.9940081939800516
F 342.58807045813126 442.9481878340522 -0.8386469036574709
F 375.4213194454694 417.4819267088171 -0.6922920649477935
F 375.4213194454694 417.4819267088171 -0.6922920649477935
F 411.5363292272864 397.2734304933394 -0.5436856133348904
F 449.34625454992215 382.33108649012166 -0.40858883914134214
F 490.78795452778337 373.1388767436357 -0.2509759359155357
F 532.4176993073605 370.23106791182863 -0.1023694843026326
F 532.4176993073605 370.23106791182863 -0.1023694843026326
F 573.6706051187838 373.52879636419624 0.046236967310270494
F 614.2865977914158 383.16494381667263 0.1993466447296255
F 653.0317789470053 398.66661920469545 0.3479530963425286
F 653.0317789470053 398.66661920469545 0.3479530963425286
F 694.2370112602146 415.48906417833126 0.3817272898909154
F 735.8114978746265 432.30495957778675 0.38397890279414115
F 777.436452381156 448.99553888668726 0.3817272898909154
F 818.5691964573476 465.506919621275 0.3817272898909154
F 818.5691964573476 465.506919621275 0.3817272898909154
F 860.1436830717596 482.3228150207305 0.38397890279414115
F 901.8863183143322 499.18824842771795 0.38397890279414115
F 943.9525398766148 516.184421628558 0.38397890279414115
F 985.5774943831442 532.8750009374586 0.3817272898909154
F 985.5774943831442 532.8750009374586 0.3817272898909154
F 1027.1519809975562 549.6908963369141 0.38397890279414115
F 1068.247443600709 566.2948501561963 0.38397890279414115
F 1109.9900788432817 583.1602835631837 0.38397890279414115
F 1109.9900788432817 583.1602835631837 0.38397890279414115
F 1151.4091277661446 599.8949771763185 0.38397890279414115
F 1193.1517630087174 616.760410583306 0.38397890279414115
F 1234.5708119315802 633.4951041964408 0.38397890279414115
F 1276.313447174153 650.3605376034283 0.38397890279414115
F 1276.313447174153 650.3605376034283 0.38397890279414115
F 1317.1655514473118 668.0080557928238 0.4042434189231736
F 1356.5237056362196 690.3777626114113 0.5010627737618831
F 1390.8435097465976 719.3460910624198 0.6721853544070444
F 1390.8435097465976 719.3460910624198 0.6721853544070444
F 1419.0741182512288 754.5735712659174 0.8635724511812377
F 1439.6485233153664 791.1152387799358 1.0234369673102695
F 1454.796607016038 829.9872552302878 1.1675401931167215
F 1454.796607016038 829.9872552302878 1.1675401931167215
F 1463.9260778903335 870.1682419399474 1.3138950318263989
F 1467.4835270439476 910.8476284248325 1.4512434189231733
F 1464.9108889379386 952.4994295358357 1.599849870536076
F 1455.376794933449 988.5803345982968 1.7754756769876892
F 1455.376794933449 988.5803345982968 1.7754756769876892
F 1439.3789623089922 1021.952599878951 1.9601079350522053
F 1417.7119043511225 1051.9341039554122 2.14023696731027
F 1391.024024817313 1077.5487301136334 2.3203659995683346
F 1391.024024817313 1077.5487301136334 2.3203659995683346
F 1358.7999510616353 1098.1721878507972 2.5162563221489798
F 1323.876546898927 1111.9746183013433 2.7076434189231735
F 1287.5452616659022 1119.0227706804487 2.8922756769876896
F 1248.1476893876015 1122.828277470674 3.0138627737618826
F 1248.1476893876015 1122.828277470674 3.0138627737618826
F 1203.3355681593864 1128.7028592505624 3.0116111608586564
F 1159.1983002256263 1134.3537717303348 3.0138627737618826
F 1114.8902151537245 1140.0442182208233 3.0138627737618826
F 1114.8902151537245 1140.0442182208233 3.0138627737618826
F 1069.7319873528938 1145.9636462818778 3.0116111608586564
F 1025.2486128465189 1151.6594050428162 3.0138627737618826
F 980.7825981909177 1157.4891405415387 3.0116111608586564
F 980.7825981909177 1157.4891405415387 3.0116111608586564
F 936.8334940447377 1163.2341012679688 3.0116111608586564
F 892.3501195383626 1168.9298600289071 3.0138627737618826
F 847.8841048827616 1174.7595955276297 3.0116111608586564
F 803.4007303763865 1180.455354288568 3.0138627737618826
F 758.9347157207854 1186.2850897872906 3.0116111608586564
F 758.9347157207854 1186.2850897872906 3.0116111608586564
F 714.2934996982876 1192.120522336184 3.0116111608586564
F 669.9983396139487 1197.9107189738456 3.0116111608586564
F 625.3571235914509 1203.746151522739 3.0116111608586564
F 625.3571235914509 1203.746151522739 3.0116111608586564
F 580.6564185875939 1209.1124087028245 3.0206176124715594
F 535.8853361092213 1205.5679508973215 -3.091445114062866
F 497.55560278915436 1189.4755210693652 -2.8077418882564147
F 470.83747119123865 1168.750957639393 -2.5735741463209307
F 470.83747119123865 1168.750957639393 -2.5735741463209307
F 449.26589902137846 1141.8012344774293 -2.3349031785789953
F 434.9677542996997 1111.765565409723 -2.107490275353189
F 427.8920497904835 1078.7004706549103 -1.873322533417705
F 427.8920497904835 1078.7004706549103 -1.873322533417705
F 428.97354915308966 1044.172536005791 -1.630148339869318
F 437.6529304667543 1011.8701732759084 -1.4004838237402857
F 453.3120615352047 982.5210681275748 -1.1730709205144791
F 474.5016118893839 957.8337220631436 -0.954664468901576
F 474.5016118893839 957.8337220631436 -0.954664468901576
F 501.098104892274 938.1594830382107 -0.7295031785789954
F 531.6998585894855 924.7184074114136 -0.5043418882564148
F 571.0851716402617 906.3038589768039 -0.44805156567576976
F 571.0851716402617 906.3038589768039 -0.44805156567576976
F 611.2413143149184 887.1331668139371 -0.44579995277254403
F 651.5473424364169 867.8715033066235 -0.44579995277254403
F 692.1682614026146 848.4593580531589 -0.44579995277254403
F 732.1593986794138 829.348176291996 -0.44579995277254403
F 732.1593986794138 829.348176291996 -0.44579995277254403
F 772.7803176456115 809.9360310385314 -0.44579995277254403
F 813.4012366118092 790.5238857850668 -0.44579995277254403
F 853.7072647333076 771.2622222777532 -0.44579995277254403
F 894.3281836995053 751.8500770242886 -0.44579995277254403
F 894.3281836995053 751.8500770242886 -0.44579995277254403
F 937.1427645022817 736.6430710396745 -0.3557354366435117
F 980.7496551638272 725.8492277328234 -0.2589160818048022
F 1025.1957412022534 719.3213335573906 -0.16209672696609267
F 1025.1957412022534 719.3213335573906 -0.16209672696609267
F 1069.8819884827176 717.0228850697476 -0.06752898503060889
F 1114.9344025137818 718.9472256796404 0.027038756904874894
F 1159.0691311351948 725.1951845442982 0.12385811174358441
F 1159.0691311351948 725.1951845442982 0.12385811174358441
F 1202.4412421530344 736.2860934200662 0.23193553109842302
F 1242.9926633503308 756.123554369216 0.42332262787261676
F 1278.7275936218343 783.1396862540114 0.6147097246468105
F 1307.768093303265 813.1257426262989 0.7678194020661655
F 1307.768093303265 813.1257426262989 0.7678194020661655
F 1332.1392105057823 846.0992052801003 0.9029161762597138
F 1351.4554490165453 881.682030095093 1.0402645633564882
F 1365.737214477097 920.8932807502921 1.1888710149693917
F 1378.913713279606 961.7792753389139 1.2474129504532625
F 1378.913713279606 961.7792753389139 1.2474129504532625
F 1393.1094194896646 1004.135733042524 1.2474129504532625
F 1407.305125699723 1046.492190746134 1.2474129504532625
F 1421.3899279550153 1088.5177386239347 1.2474129504532625
F 1421.3899279550153 1088.5177386239347 1.2474129504532625
F 1435.6396628235777 1131.4080869115915 1.2496645633564878
F 1449.6298041896846 1173.465241755403 1.2496645633564878
F 1463.8402627426594 1216.1847139983297 1.2496645633564878
F 1478.0507212956343 1258.9041862412564 1.2496645633564878
F 1478.0507212956343 1258.9041862412564 1.2496645633564878
F 1492.1510212551752 1301.2924997846255 1.2496645633564878
F 1502.4424620566263 1345.3521078610677 1.3284710149693915
F 1508.3147869976053 1389.7104144253256 1.4230387569048748
F 1508.3147869976053 1389.7104144253256 1.4230387569048748
F 1509.8373981339214 1434.2591845069762 1.5198581117435843
F 1507.0481948875226 1479.4442310329862 1.6166774665822938
F 1500.102673055322 1523.294740415431 1.7112452085177772
F 1500.102673055322 1523.294740415431 1.7112452085177772
F 1485.255911618901 1566.0347368791508 1.8778645633564865
F 1462.6037861577088 1604.8757737933704 2.067000047227454
F 1435.3246298811246 1637.6495489213637 2.231367789162938
F 1405.2782780765879 1666.9871415033058 2.3439484343242283
F 1405.2782780765879 1666.9871415033058 2.3439484343242283
F 1373.8358499193453 1699.2092480852261 2.3439484343242283
F 1342.8809012684167 1730.9317871232408 2.3439484343242283
F 1309.019563644478 1760.3967664685051 2.413748434324228
F 1272.734575938462 1786.275058035131 2.506064563356486
F 1272.734575938462 1786.275058035131 2.506064563356486
F 1233.5970630663219 1808.687433202346 2.605135531098422
F 1192.3322907139318 1827.306956478005 2.7019548859371314
F 1149.9858488182024 1841.7611053714108 2.7965226278726156
F 1149.9858488182024 1841.7611053714108 2.7965226278726156
F 1106.2663197048062 1852.0892581880448 2.893341982711325
F 1062.28543590259 1858.154677101642 2.9879097246468085
F 1016.7056727735495 1860.0512020765545 3.084729079485518
F 972.7229064698298 1857.6364514553227 -3.103888485758585
F 972.7229064698298 1857.6364514553227 -3.103888485758585
F 928.1218487849741 1850.9904940223041 -3.009320743823101
F 884.0550239259179 1839.8686647568018 -2.910249776081166
F 841.5664235761631 1824.7642966095361 -2.815682034145682
F 841.5664235761631 1824.7642966095361 -2.815682034145682
F 801.2278829353113 1805.798184740559 -2.7188626793069726
F 762.6008247546133 1782.8630949695157 -2.622043324468263
F 726.1578196181438 1756.305036429167 -2.5274755825327793
F 692.9360521270489 1726.8530142339241 -2.4329078405972955
F 692.9360521270489 1726.8530142339241 -2.4329078405972955
F 661.2342905998828 1695.3331627299178 -2.369862679306973
F 629.0103319885927 1664.1429596726302 -2.3721142922101985
F 596.6729316082715 1632.8191192688291 -2.3721142922101985
F 596.6729316082715 1632.8191192688291 -2.3721142922101985
F 564.5862087502783 1601.7380993332747 -2.3721142922101985
F 532.4563543237593 1570.4509657178783 -2.369862679306973
F 500.23239571246927 1539.2607626605907 -2.3721142922101985
F 467.6443178098199 1507.694101788543 -2.3721142922101985
F 467.6443178098199 1507.694101788543 -2.3721142922101985
F 438.7563216180842 1473.3089927950614 -2.284301388984392
F 413.8191890914815 1436.9984685129607 -2.189733647048908
F 391.8632951948135 1397.4079796613987 -2.0929142922101986
F 391.8632951948135 1397.4079796613987 -2.0929142922101986
F 373.80999985398233 1356.0860529862541 -1.9983465502747149
F 358.1057685184461 1314.2353851781565 -1.9398046147908439
F 341.8200049965858 1272.4503856945234 -1.9420562276940696
F 325.7864367028498 1230.9418815022418 -1.9398046147908439
F 325.7864367028498 1230.9418815022418 -1.9398046147908439
F 309.6736638040954 1189.276954603072 -1.9398046147908439
F 293.38790028223514 1147.491955119439 -1.9420562276940696
F 277.2280845985944 1105.6580856784233 -1.9398046147908439
F 277.2280845985944 1105.6580856784233 -1.9398046147908439
F 260.6898262969248 1063.2223556973222 -1.9420562276940696
F 244.60989466921842 1021.9190370915697 -1.9420562276940696
F 228.45007898557776 980.0851676505542 -1.9398046147908439
F 228.45007898557776 980.0851676505542 -1.9398046147908439
F 212.21142504855183 938.0947335099846 -1.9398046147908439
F 195.92566152669153 896.3097340263514 -1.9420562276940696
F 179.76584584305087 854.4758645853359 -1.9398046147908439
F 164.11131927071395 814.317691345373 -1.9420562276940696
F 161.83871647658734 808.2739992651021 -1.9398046147908439
F 161.83871647658734 808.2739992651021 -1.9398046147908439
F 161.83871647658734 808.2739992651021 -1.9398046147908439
F 161.83871647658734 808.2739992651021 -1.9398046147908439
F 161.83871647658734 808.2739992651021 -1.9398046147908439
F 161.83871647658734 808.2739992651021 -1.9398046147908439
F 161.83871647658734 808.2739992651021 -1.9398046147908439
F 161.83871647658734 808.2739992651021 -1.9398046147908439
